#### train: 0.642 ####
+--------+--------+--------+--------+--------+--------+--------+--------+--------+--------+
| [0.53] |  0.01  |  0.01  |  0.05  |  0.00  |  0.06  |  0.00  |  0.00  |  0.04  |  0.03  |
|  0.03  | [0.56] |  0.10  |  0.02  |  0.08  |  0.07  |  0.01  |  0.05  |  0.00  |  0.08  |
|  0.02  |  0.03  | [0.39] |  0.00  |  0.08  |  0.11  |  0.01  |  0.07  |  0.00  |  0.01  |
|  0.04  |  0.01  |  0.00  | [0.68] |  0.00  |  0.01  |  0.00  |  0.00  |  0.04  |  0.02  |
|  0.03  |  0.20  |  0.20  |  0.00  | [0.74] |  0.09  |  0.01  |  0.06  |  0.00  |  0.02  |
|  0.04  |  0.04  |  0.08  |  0.01  |  0.05  | [0.50] |  0.06  |  0.02  |  0.00  |  0.02  |
|  0.02  |  0.01  |  0.03  |  0.01  |  0.02  |  0.11  | [0.87] |  0.05  |  0.02  |  0.02  |
|  0.00  |  0.03  |  0.12  |  0.00  |  0.02  |  0.02  |  0.03  | [0.69] |  0.00  |  0.03  |
|  0.12  |  0.00  |  0.00  |  0.16  |  0.00  |  0.00  |  0.00  |  0.00  | [0.77] |  0.09  |
|  0.16  |  0.10  |  0.07  |  0.06  |  0.00  |  0.03  |  0.02  |  0.06  |  0.12  | [0.68] |
+--------+--------+--------+--------+--------+--------+--------+--------+--------+--------+

#### val: 0.645 ####
+--------+--------+--------+--------+--------+--------+--------+--------+--------+--------+
| [0.43] |  0.00  |  0.02  |  0.04  |  0.00  |  0.03  |  0.00  |  0.01  |  0.01  |  0.02  |
|  0.07  | [0.60] |  0.04  |  0.02  |  0.09  |  0.17  |  0.00  |  0.01  |  0.00  |  0.01  |
|  0.02  |  0.12  | [0.47] |  0.00  |  0.04  |  0.18  |  0.03  |  0.07  |  0.00  |  0.00  |
|  0.10  |  0.01  |  0.01  | [0.82] |  0.00  |  0.00  |  0.00  |  0.00  |  0.17  |  0.08  |
|  0.02  |  0.17  |  0.17  |  0.00  | [0.78] |  0.11  |  0.02  |  0.03  |  0.00  |  0.04  |
|  0.03  |  0.03  |  0.11  |  0.00  |  0.02  | [0.37] |  0.06  |  0.01  |  0.00  |  0.00  |
|  0.03  |  0.00  |  0.03  |  0.02  |  0.02  |  0.08  | [0.82] |  0.01  |  0.03  |  0.03  |
|  0.01  |  0.06  |  0.18  |  0.01  |  0.07  |  0.07  |  0.01  | [0.86] |  0.00  |  0.04  |
|  0.05  |  0.00  |  0.00  |  0.10  |  0.00  |  0.01  |  0.00  |  0.00  | [0.75] |  0.26  |
|  0.12  |  0.04  |  0.02  |  0.02  |  0.01  |  0.02  |  0.01  |  0.03  |  0.05  | [0.55] |
+--------+--------+--------+--------+--------+--------+--------+--------+--------+--------+

#### test: 0.645 ####
+--------+--------+--------+--------+--------+--------+--------+--------+--------+--------+
| [0.43] |  0.00  |  0.02  |  0.04  |  0.00  |  0.03  |  0.00  |  0.01  |  0.01  |  0.02  |
|  0.07  | [0.60] |  0.04  |  0.02  |  0.09  |  0.17  |  0.00  |  0.01  |  0.00  |  0.01  |
|  0.02  |  0.12  | [0.47] |  0.00  |  0.04  |  0.18  |  0.03  |  0.07  |  0.00  |  0.00  |
|  0.10  |  0.01  |  0.01  | [0.82] |  0.00  |  0.00  |  0.00  |  0.00  |  0.17  |  0.08  |
|  0.02  |  0.17  |  0.17  |  0.00  | [0.78] |  0.11  |  0.02  |  0.03  |  0.00  |  0.04  |
|  0.03  |  0.03  |  0.11  |  0.00  |  0.02  | [0.37] |  0.06  |  0.01  |  0.00  |  0.00  |
|  0.03  |  0.00  |  0.03  |  0.02  |  0.02  |  0.08  | [0.82] |  0.01  |  0.03  |  0.03  |
|  0.01  |  0.06  |  0.18  |  0.01  |  0.07  |  0.07  |  0.01  | [0.86] |  0.00  |  0.04  |
|  0.05  |  0.00  |  0.00  |  0.10  |  0.00  |  0.01  |  0.00  |  0.00  | [0.75] |  0.26  |
|  0.12  |  0.04  |  0.02  |  0.02  |  0.01  |  0.02  |  0.01  |  0.03  |  0.05  | [0.55] |
+--------+--------+--------+--------+--------+--------+--------+--------+--------+--------+
